songs/your_song.ogg
0.708208 167 225
1.7473 375 259
2.73705 528 252
3.76744 615 344
4.64689 510 443
5.55828 329 435
6.46676 202 392
6.93696 147 290
7.35782 227 233
7.57841 376 219
8.03701 473 132
8.56816 562 174
9.06739 582 282
9.3083 558 360
9.5376 498 452
10.1384 353 464
10.626 240 387
11.2268 181 236
11.4271 231 133
11.6883 405 102
12.1673 541 130
12.6665 548 239
13.0961 491 396
13.3166 331 442
13.5576 195 452
14.0481 154 300
14.5676 171 183
15.0378 252 110
15.2961 383 101
15.5371 519 129
16.0073 610 210
16.5181 548 367
17.0783 364 444
17.5572 119 344
18.3873 152 123
18.8169 308 117
19.3364 491 147
19.586 499 292
20.5961 467 297
21.2259 318 478
21.7774 342 438
22.0386 390 220
22.2679 457 169
22.4769 641 103
22.7178 703 223
22.9761 674 435
23.4667 495 528
23.9572 285 522
24.4477 195 440
24.738 170 344
25.1385 169 235
25.3968 197 116
25.8873 276 87
26.1283 415 103
26.3576 497 199
26.5985 227 292
26.8365 572 367
27.0687 222 399
27.298 587 452
27.5273 268 473
27.8988 578 227
28.3661 273 219
28.8363 208 109
29.0366 292 89
29.2688 547 77
29.6983 451 193
29.916 376 270
30.1163 292 356
30.3369 220 421
30.5081 163 474
30.7374 302 484
30.9464 441 475
31.1467 554 473
31.3382 700 484
31.7475 668 289
32.1771 684 144
32.6182 635 63
32.8272 503 84
33.1871 311 68
33.3787 203 75
33.756 133 159
33.9679 137 239
34.1769 147 350
34.3771 177 446
34.5687 232 484
34.7371 397 488
34.9576 479 486
35.1579 596 477
35.3669 679 479
35.7384 690 369
36.0461 691 279
36.3363 692 192
36.5279 678 114
36.8762 645 47
37.0765 543 60
37.2767 420 67
37.4886 322 85
37.6976 262 103
37.9269 215 135
38.1562 181 174
38.4668 152 238
38.7976 145 283
39.1663 147 339
39.4768 152 386
39.8164 167 419
40.156 199 454
40.4869 233 474
40.8584 283 493
41.198 333 501
41.5086 372 505
41.9178 441 506
42.3184 487 507
42.8176 570 515
43.2385 654 510
43.6564 712 469
44.0773 732 370
44.4488 729 268
44.8261 703 155
45.2063 631 89
45.5982 519 66
46.0161 397 90
46.4167 295 166
46.8376 236 277
47.2178 221 386
47.6386 249 506
47.9869 349 542
48.3962 478 547
48.968 546 517
49.4266 592 439
50.6863 581 258
51.2871 504 306
51.586 319 387
52.5177 155 299
53.2666 232 182
53.5771 345 150
54.5959 570 179
55.3273 586 228
55.8266 576 309
56.1081 530 351
56.5986 436 360
57.4375 358 316
57.9367 335 261
58.2385 330 177
58.7784 395 179
59.5563 451 195
60.0584 479 256
60.308 480 308
60.7666 449 365
61.4864 369 363
61.9683 322 308
62.2179 306 232
62.6184 342 186
63.3179 412 183
63.8084 459 217
64.1074 455 286
